40
1 12 35 0 9 32 0 1
1 9 32 0 7 28 0 1
1 7 28 0 6 20 0 1
1 6 20 0 7 12 0 1
1 7 12 0 9 8 0 1
1 9 8 0 12 5 0 1
1 18 28 0 20 32 0 1
1 20 32 0 24 35 0 1
1 24 35 0 30 35 0 1
1 30 35 0 34 32 0 1
1 34 32 0 36 28 0 1
1 25 25 0 28 27 0 1
1 28 27 0 31 25 0 1
1 31 25 0 31 22 0 1
1 31 22 0 28 20 0 1
1 28 20 0 25 22 0 1
1 25 22 0 25 25 0 1
1 40 15 0 42 12 0 1
1 42 12 0 45 10 0 1
1 45 10 0 50 9 0 1
1 50 9 0 55 10 0 1
1 55 10 0 58 12 0 1
1 58 12 0 60 15 0 1
1 64 28 0 66 32 0 1
1 66 32 0 70 35 0 1
1 70 35 0 76 35 0 1
1 76 35 0 80 32 0 1
1 80 32 0 82 28 0 1
1 69 25 0 72 27 0 1
1 72 27 0 75 25 0 1
1 75 25 0 75 22 0 1
1 75 22 0 72 20 0 1
1 72 20 0 69 22 0 1
1 69 22 0 69 25 0 1
1 88 35 0 91 32 0 1
1 91 32 0 93 28 0 1
1 93 28 0 94 20 0 1
1 94 20 0 93 12 0 1
1 93 12 0 91 8 0 1
1 91 8 0 88 5 0 1